[gd_scene load_steps=4 format=3 uid="uid://l3jw7as4r4xq"]

[ext_resource type="Script" path="res://addons/godot-xr-tools2/hands/xrt2_collision_hand.gd" id="1_ijea6"]
[ext_resource type="Shape3D" uid="uid://8uh7lgttkn27" path="res://addons/godot-xr-tools2/hands/xrt2_hand_digit.shape" id="2_fbc5e"]

[sub_resource type="BoxShape3D" id="BoxShape3D_afa3w"]
size = Vector3(0.06, 0.05, 0.02)

[node name="XRT2CollisionHandLeft" type="AnimatableBody3D"]
sync_to_physics = false
script = ExtResource("1_ijea6")

[node name="Palm" type="CollisionShape3D" parent="."]
transform = Transform3D(1.78814e-07, -1.8388e-05, 1, -0.999999, 0.00166774, 1.78814e-07, -0.00166765, -0.999998, -1.83582e-05, -5.36301e-07, 3.34481e-05, -0.00409164)
shape = SubResource("BoxShape3D_afa3w")

[node name="LeftThumbDistal" type="CollisionShape3D" parent="."]
transform = Transform3D(-0.652861, 0.233875, 0.720468, -0.508143, 0.570149, -0.645539, -0.561749, -0.787548, -0.253386, 0.0242272, 0.0780549, -0.0811208)
shape = ExtResource("2_fbc5e")

[node name="LeftIndexDistal" type="CollisionShape3D" parent="."]
transform = Transform3D(0.051258, 0.187899, 0.98085, -0.974995, 0.222064, 0.00841168, -0.216231, -0.956755, 0.194584, -0.0135658, 0.040029, -0.159059)
shape = ExtResource("2_fbc5e")

[node name="LeftMiddleDistal" type="CollisionShape3D" parent="."]
transform = Transform3D(-0.00192412, 0.102657, 0.994715, -0.999299, -0.0373781, 0.00192448, 0.0373782, -0.994014, 0.102657, -0.0110188, -0.00728739, -0.169856)
shape = ExtResource("2_fbc5e")

[node name="LeftRingDistal" type="CollisionShape3D" parent="."]
transform = Transform3D(-0.0494087, 0.143267, 0.98845, -0.976848, -0.213183, -0.0179297, 0.208152, -0.966451, 0.150483, -0.00744749, -0.0417447, -0.151648)
shape = ExtResource("2_fbc5e")

[node name="LeftLittleDistal" type="CollisionShape3D" parent="."]
transform = Transform3D(-0.0810785, 0.289735, 0.953666, -0.955747, -0.294077, 0.00808847, 0.282795, -0.910808, 0.300757, 0.00629453, -0.0623374, -0.124244)
shape = ExtResource("2_fbc5e")
