[gd_scene load_steps=4 format=3 uid="uid://cj8ky1jhpjlgb"]

[ext_resource type="Script" path="res://addons/godot-xr-tools2/hands/xrt2_collision_hand.gd" id="1_fruwc"]
[ext_resource type="Shape3D" uid="uid://8uh7lgttkn27" path="res://addons/godot-xr-tools2/hands/xrt2_hand_digit.shape" id="2_e5fc5"]

[sub_resource type="BoxShape3D" id="BoxShape3D_afa3w"]
size = Vector3(0.06, 0.05, 0.02)

[node name="XRT2CollisionHandRight" type="AnimatableBody3D"]
sync_to_physics = false
script = ExtResource("1_fruwc")

[node name="Palm" type="CollisionShape3D" parent="."]
transform = Transform3D(1.78814e-07, 1.8388e-05, -1, 0.999999, 0.00166774, 1.78814e-07, 0.00166765, -0.999998, -1.83582e-05, 3.72406e-07, 1.85833e-05, 0.0048215)
shape = SubResource("BoxShape3D_afa3w")

[node name="RightThumbDistal" type="CollisionShape3D" parent="."]
transform = Transform3D(-0.652862, -0.233875, -0.720468, 0.508143, 0.570149, -0.645539, 0.561749, -0.787548, -0.253387, -0.024233, 0.078069, -0.0811404)
shape = ExtResource("2_e5fc5")

[node name="RightIndexDistal" type="CollisionShape3D" parent="."]
transform = Transform3D(0.0514106, -0.187908, -0.98084, 0.974994, 0.222067, 0.00856074, 0.216203, -0.956753, 0.194626, 0.0135375, 0.0400624, -0.159203)
shape = ExtResource("2_e5fc5")

[node name="RightMiddleDistal" type="CollisionShape3D" parent="."]
transform = Transform3D(-0.00991634, -0.102648, -0.994668, 0.999283, -0.0373743, -0.0061054, -0.0365484, -0.994015, 0.102945, 0.0110035, -0.00729295, -0.170005)
shape = ExtResource("2_e5fc5")

[node name="RightRingDistal" type="CollisionShape3D" parent="."]
transform = Transform3D(-0.0494087, -0.143267, -0.98845, 0.976848, -0.213183, -0.0179297, -0.208152, -0.966451, 0.150483, 0.00742597, -0.0417768, -0.151794)
shape = ExtResource("2_e5fc5")

[node name="RightLittleDistal" type="CollisionShape3D" parent="."]
transform = Transform3D(-0.0810786, -0.289735, -0.953666, 0.955747, -0.294077, 0.00808847, -0.282795, -0.910808, 0.300757, -0.00633804, -0.0623815, -0.124381)
shape = ExtResource("2_e5fc5")
